NOTE: MASTERS DO NOT EXCLUSIVELY PLAY OTHER MASTERS! DATA FROM 6/20/2023 Win Rates... All vs, .n . vs JP 'vs airway vs Dee Jay vs W.., Juri vs Marion vs Marisa., E. Honda, Chun-Li 'vs Ryu ..vs Kimberly "vs Jamie., Guile "vs Zangie(vs Blanks "vs Dhalsim 'VS Lily All 0.00, -0.29, -4.19, 1.64, 0.15, -1.85, 0.59, 0.95, 0.40, -4.33, -0.94, 4.17, -1.19, 4.11, -0.24, 2.97, -1.13, -3.20, 2.32, 
Ken [.22,.28,-4.47,1.53,.12,-1.5,2.43,2.36,1.31,-.99,-4.56,4.28,-.17,3.91,-2.29,2.08,1.93,-3.4,1.13]
JP [2.69,1.62,-1.39,1.94,4.22,0.4,-2.25,5.79,2.78,-3.59,3.38,6.07,-3.4,7.02,11.2,9.42,1.01,-2.6,6.77]
Cammy [-0.85, -0.05, -1.71, 1.15, -2.93, -0.65, -1.32, -1.54, -2.18, -7.63, 0.67, 6.05, -0.30, 2.30, 1.70, -3.73, -9.16, 3.08, 1.01]
Dee Jay [-0.68, -1.23, -5.75, 1.55, -0.34, -5.13, 0.51, 0.31, -1.29, -2.90, -0.67, 2.20, 1.02, 3.18, -4.79, -1.92, 1.82, -0.16, 1.29] 
Luke [1.62, 1.35, -2.55, 1.42, 3.49, 0.65, 1.60, 2.98, 0.88, 0.67, -1.92, 6.92, 1.27, 3.64, 2.19, 4.95, 4.19, -4.58, 2.06] 
Juri [-0.15, -1.90, 0.49, 3.90, 0.32, -3.12, 0.50, 2.22, 2.53, -4.60, -1.53, 1.06, -0.25, 3.50, -3.71, 2.58, -2.17, -4.09, 1.56] 
Manon [-1.38, -3.87, -5.50, 1.75, -0.36, -3.86, -1.76, -1.06, -0.98, -2.61, -0.50, 2.32, -1.95, 2.55, -1.41, 3.71, -6.22, -6.32, 1.16]
Marisa -0.61, -1.03, -4.94, 3.62, 1.32, -0.55, -1.67, 0.67, -1.02, -6.31, 1.86, 4.01, -3.48, 2.47, 3.67, 3.2896 -6.53, -4.48, -1.94, 
E. Honda [2.73, 0.81, -1.87, 6.92, 2.44, -0.81, 2.74, 0.84, 2.54, -0.84, 0.45, 1.72, 1.06, 5.14, 1.16, 1.38, 9.81, 7.45, 8.24] 
Chun-Li [2.10, 4.83, -3.05, 4.31, 0.12, 3.08, 4.62, 3.28, 0.17, -0.71, 0.71, 8.31, 1.56, 5.08, 3.71, -0.64, 2.85, -1.35, 0.91]
Ryu -1.56, -0.99, -6.72, -3.14, 0.08, -2.00, -0.54, -1.32, -2.96, -2.39, -4.85, 4.30, -3.64, 0.90, -1.57, 2.27, -1.16, -2.20, -2.16, 
Kimberly [-1.19, -1.59, -0.60, -1.62, -3.35, -3.01, -1.50, -0.49, -1.55, -6.65, -0.61, 4.83, -2.57, 1.20, -0.25, 1.50, -7.21, 0.17, 1.97]
Jamie [-2.54, -1.97, -5.80, 2.79, -2.05, -5.00, -1.63, -0.69, -2.09, -5.97, -1.27, 4.14, -2.07, 3.22, -8.28, 1.45, -6.77, -15.24, 1.43], 
Guile [0.14, 0.37, -10.64, -2.49, 2.56, -0.92, 3.18, 1.11, -1.98, -1.32, -3.41, 4.35, -3.39, 7.52, 1.68, 0.09, 7.00, -2.47, 1.33] 
Zangief -2.18, -1.75, "5-97ifiai 1.84, 2.72, -4.42, -1.20, -4.98, -0.47, -1.39, 0.57, 1.69, -0.05, -1.19, 1.11, 1.83, -5.01, -4.79, 
Blanka [-0.47, -2.03, -5.56, 5.25, -2.35, -8.21,3.38, 2.17, 3.79, -14.86, -5.23, 1.86, 4.02, 4.68, -10.12, 1.97, 3.09, 2.11, 7.62]
Dhalsim [1.77, 1.16, 0.49, -2.46, -3.80, 1.51, 2.34, 2.67, 5.72, -11.63, -.46, 4.97, -4.46, 13.78, 0.35, 15.45, -1.84, -1.94, 10.01], 
Lily [0.29, 0.86, -5.95, 1.20, 0.42, 0.18, 1.11, 2.77, 2.05, -4.17, 0.52, 5.89, -4.58, 5.14, 1.34, 7.76, -5.92, -7.56, 4.18]
